1809,1856,1908,1936,1941,1923,1887,1831,1815,1885,1919,1937,1936,1909,1867,1803,1842,1895,1926,1936,1922,1889,1839,1795,1865,1913,1934,1934,1914,1872,1817,1827,1886,1929,1941,1934,1905,1857,1830,1856,1908,1935,1951,1927,1889,1837,1808,1873,1917,1936,1933,1906,1867,1806,1840,1889,1931,1931,1906,1849,1810,1846,1887,1895,1891,1859,1814,1751,1808,1856,1878,1879,1861,1821,1767,1781,1839,1871,1878,1871,1840,1789,1747,1809,1855,1869,1862,1839,1793,1734,1790,1838,1863,1870,1851,1811,1758,1761,1818,1855,1859,1855,1821,1775,1739,1797,1844,1862,1858,1838,1792,1735,1791,1844,1871,1866,1851,1787,1763,1839,1891,1902,1883,1854,1805,1777,1844,1898,1917,1919,1902,1859,1799,1821,1879,1917,1933,1922,1897,1849,1799,1862,1906,1937,1939,1922,1889,1835,1813,1888,1920,1940,1937,1911,1871,1807,1855,1907,1938,1950,1936,1904,1850,1811,1879,1931,1953,1952,1934,1890,1831,1843,1904,1943,1959,1943,1921,1874,1810,1870,1919,1949,1952,1936,1903,1843,1827,1888,1933,1951,1947,1921,1882,1821,1854,1909,1939,1953,1939,1908,1858,1809,1882,1921,1947,1947,1926,1887,1830,1827,1891,1930,1942,1937,1906,1863,1799,1856,1913,1936,1941,1927,1891,1837,1822,1893,1929,1945,1943,1919,1874,1811,1851,1906,1936,1946,1936,1904,1854,1808,1875,1927,1945,1947,1927,1884,1823,1837,1893,1931,1942,1936,1905,1859,1811,1865,1918,1943,1943,1927,1891,1831,1825,1897,1925,1945,1938,1915,1870,1806,1863,1912,1947,1953,1937,1904,1855,1815,1879,1925,1947,1946,1925,1882,1823,1849,1907,1937,1951,1941,1910,1863,1818,1872,1919,1947,1947,1930,1891,1833,1826,1893,1931,1946,1938,1916,1870,1808,1862,1911,1941,1951,1934,1901,1842,1814,1879,1931,1948,1942,1920,1877,1819,1850,1904,1936,1947,1936,1905,1856,1806,1872,1917,1943,1941,1925,1888,1830,1826,1894,1931,1946,1937,1903,1870,1806,1856,1907,1939,1946,1936,1901,1846,1808,1872,1920,1938,1937,1915,1873,1816,1845,1902,1934,1945,1936,1906,1855,1809,1863,1911,1936,1938,1920,1883,1824,1823,1888,1928,1940,1936,1910,1861,1801,1856,1906,1938,1947,1936,1898,1841,1807,1872,1916,1935,1929,1907,1865,1803,1826,1895,1926,1936,1925,1897,1843,1793,1862,1904,1933,1936,1915,1875,1820,1824,1885,1925,1936,1933,1904,1859,1794,1856,1899,1929,1936,1914,1883,1833,1794,1861,1909,1930,1930,1907,1863,1808,1838,1893,1926,1936,1931,1901,1851,1805,1853,1905,1930,1936,1918,1882,1826,1808,1875,1909,1931,1926,1901,1857,1793,1838,1893,1923,1932,1919,1886,1837,1797,1865,1914,1935,1931,1911,1872,1810,1831,1891,1927,1940,1933,1904,1855,1813,1855,1910,1937,1935,1923,1888,1835,1813,1875,1919,1936,1935,1906,1870,1806,1838,1895,1922,1936,1923,1893,1841,1794,1865,1906,1931,1931,1911,1872,1813,1808,1872,1909,1925,1916,1887,1840,1817,1840,1895,1919,1927,1911,1874,1822,1798,1859,1904,1922,1919,1897,1851,1791,1830,1886,1917,1925,1914,1882,1837,1783,1859,1904,1923,1929,1905,1866,1808,1809,1871,1909,1921,1918,1888,1840,1776,1835,1888,1910,1919,1901,1865,1806,1802,1872,1904,1920,1917,1891,1846,1783,1840,1893,1924,1933,1921,1885,1838,1791,1863,1910,1933,1931,1909,1868,1808,1830,1889,1920,1935,1925,1895,1846,1799,1851,1903,1926,1930,1907,1872,1815,1807,1873,1910,1930,1922,1898,1847,1787,1840,1893,1920,1927,1915,1877,1826,1788,1854,1902,1918,1920,1898,1857,1794,1821,1882,1913,1925,1917,1889,1839,1787,1857,1900,1925,1926,1904,1870,1809,1813,1872,1918,1927,1922,1897,1849,1783,1839,1893,1946,1926,1909,1872,1822,1799,1862,1907,1926,1925,1902,1858,1798,1838,1891,1931,1934,1919,1886,1833,1786,1858,1904,1927,1929,1904,1866,1808,1815,1874,1917,1927,1922,1893,1844,1815,1843,1899,1922,1932,1916,1875,1826,1821,1889,1921,1937,1936,1909,1867,1805,1838,1893,1923,1931,1921,1889,1840,1790,1859,1904,1926,1927,1906,1870,1810,1820,1877,1920,1927,1927,1900,1850,1808,1849,1904,1927,1935,1918,1883,1831,1810,1879,1916,1936,1933,1907,1866,1802,1840,1894,1926,1934,1919,1882,1835,1794,1859,1909,1927,1929,1908,1866,1805,1830,1889,1919,1935,1925,1899,1845,1805,1859,1904,1936,1936,1919,1881,1829,1811,1883,1919,1942,1931,1904,1858,1793,1851,1904,1936,1939,1929,1891,1840,1803,1871,1913,1933,1927,1906,1863,1802,1833,1889,1919,1931,1919,1889,1840,1798,1861,1904,1927,1928,1905,1866,1808,1824,1882,1922,1936,1931,1904,1856,1791,1855,1906,1931,1936,1923,1888,1831,1806,1869,1915,1933,1931,1904,1862,1805,1838,1897,1927,1936,1925,1894,1844,1795,1856,1903,1930,1932,1905,1873,1817,1822,1882,1924,1939,1935,1904,1857,1795,1854,1904,1933,1935,1920,1886,1832,1808,1872,1919,1937,1936,1911,1869,1808,1840,1897,1927,1935,1923,1895,1844,1801,1870,1919,1936,1937,1919,1878,1820,1833,1889,1932,1942,1936,1906,1858,1794,1851,1905,1932,1936,1922,1884,1830,1811,1885,1919,1943,1938,1911,1872,1808,1851,1906,1937,1946,1935,1903,1849,1803,1873,1920,1939,1946,1922,1883,1827,1835,1889,1933,1941,1936,1904,1859,1818,1856,1910,1936,1939,1925,1891,1835,1809,1873,1915,1935,1931,1913,1851,1793,1857,1904,1915,1903,1871,1818,1776,1837,1872,1883,1878,1854,1808,1745,1803,1847,1872,1873,1856,1818,1745,1789,1840,1866,1870,1851,1815,1763,1760,1821,1850,1867,1856,1827,1777,1743,1807,1851,1869,1869,1846,1808,1747,1779,1840,1867,1873,1859,1825,1776,1754,1815,1856,1869,1862,1839,1788,1748,1790,1840,1859,1859,1840,1801,1743,1773,1822,1852,1857,1841,1810,1757,1749,1812,1842,1861,1856,1826,1780,1733,1796,1840,1863,1863,1841,1804,1745,1778,1837,1863,1872,1859,1829,1776,1759,1823,1858,1872,1867,1840,1797,1748,1802,1849,1870,1869,1847,1808,1749,1789,1842,1872,1877,1867,1835,1779,1767,1827,1858,1872,1866,1840,1791,1747,1819,1856,1879,1878,1858,1822,1763,1798,1855,1881,1887,1872,1840,1791,1779,1849,1877,1897,1889,1863,1818,1758,1814,1860,1881,1883,1863,1823,1769,1798,1855,1885,1894,1882,1854,1801,1773,1833,1874,1891,1888,1862,1818,1790,1817,1870,1888,1890,1870,1837,1779,1799,1853,1886,1893,1882,1847,1798,1776,1837,1873,1888,1879,1855,1808,1761,1821,1862,1885,1879,1861,1821,1762,1808,1859,1888,1894,1878,1845,1792,1790,1852,1879,1895,1888,1859,1811,1773,1830,1872,1889,1886,1864,1820,1785,1815,1868,1890,1893,1873,1836,1779,1792,1847,1881,1891,1876,1846,1794,1777,1840,1878,1897,1892,1869,1824,1763,1821,1869,1894,1897,1879,1840,1782,1808,1858,1891,1904,1890,1859,1808,1778,1840,1883,1899,1891,1872,1826,1787,1823,1873,1895,1898,1875,1839,1781,1812,1869,1899,1904,1892,1858,1808,1791,1851,1891,1908,1902,1875,1835,1821,1834,1879,1904,1905,1887,1851,1792,1819,1872,1904,1919,1904,1872,1825,1795,1856,1901,1919,1913,1890,1847,1785,1841,1889,1911,1917,1898,1861,1808,1813,1870,1905,1914,1904,1872,1827,1785,1848,1895,1907,1906,1882,1840,1780,1837,1879,1905,1907,1891,1856,1799,1808,1865,1903,1912,1904,1872,1822,1798,1861,1904,1913,1910,1888,1851,1783,1840,1883,1908,1911,1899,1857,1806,1819,1872,1904,1917,1904,1873,1826,1798,1859,1904,1921,1917,1894,1846,1787,1843,1888,1911,1914,1901,1863,1808,1813,1871,1904,1910,1903,1871,1825,1794,1854,1898,1909,1904,1877,1835,1791,1840,1888,1905,1910,1889,1849,1803,1828,1872,1901,1911,1896,1866,1809,1797,1858,1894,1910,1903,1877,1834,1792,1838,1887,1901,1901,1874,1840,1779,1815,1871,1899,1903,1888,1854,1802,1794,1858,1887,1902,1895,1866,1821,1777,1841,1879,1902,1899,1872,1829,1773,1823,1872,1902,1902,1883,1846,1793,1802,1855,1893,1903,1890,1856,1808,1782,1841,1886,1903,1895,1872,1827,1783,1834,1882,1903,1904,1886,1847,1791,1824,1877,1905,1911,1901,1869,1818,1803,1867,1903,1918,1911,1887,1845,1808,1842,1897,1917,1918,1902,1861,1807,1824,1877,1906,1918,1904,1872,1823,1802,1861,1902,1916,1907,1885,1840,1808,1840,1891,1913,1915,1897,1856,1799,1821,1872,1904,1910,1902,1869,1818,1800,1859,1899,1911,1905,1879,1838,1792,1840,1887,1908,1907,1891,1852,1793,1833,1882,1913,1920,1904,1872,1819,1811,1879,1909,1927,1919,1890,1847,1802,1871,1909,1934,1931,1910,1872,1813,1846,1903,1930,1935,1921,1891,1840,1811,1872,1911,1929,1920,1895,1847,1814,1848,1903,1921,1922,1904,1867,1808,1840,1895,1922,1936,1921,1893,1840,1810,1872,1916,1934,1931,1904,1861,1802,1857,1904,1933,1936,1917,1879,1827,1831,1885,1923,1934,1923,1894,1847,1804,1864,1906,1931,1927,1904,1862,1803,1844,1895,1922,1931,1915,1876,1829,1815,1874,1904,1917,1907,1877,1829,1798,1861,1904,1919,1915,1892,1847,1808,1845,1894,1918,1920,1904,1863,1809,1827,1877,1913,1923,1910,1879,1834,1806,1865,1907,1924,1917,1893,1847,1802,1846,1895,1919,1920,1904,1865,1809,1834,1885,1915,1926,1913,1883,1830,1804,1859,1904,1917,1908,1883,1839,1792,1850,1894,1913,1915,1893,1857,1797,1830,1883,1913,1919,1905,1872,1822,1811,1874,1904,1923,1915,1887,1841,1795,1866,1904,1922,1923,1902,1859,1803,1844,1895,1919,1923,1907,1871,1811,1824,1877,1920,1927,1921,1889,1840,1808,1869,1911,1927,1926,1902,1858,1798,1853,1899,1925,1925,1907,1872,1807,1826,1876,1918,1923,1911,1881,1835,1808,1872,1916,1930,1923,1901,1856,1841,1855,1904,1925,1925,1910,1872,1817,1830,1881,1918,1925,1912,1884,1831,1808,1866,1907,1922,1918,1893,1849,1808,1854,1904,1925,1930,1909,1872,1815,1841,1897,1922,1936,1924,1893,1841,1813,1873,1918,1933,1934,1910,1857,1824,1858,1905,1930,1934,1917,1875,1823,1842,1898,1931,1938,1931,1901,1850,1819,1872,1921,1936,1929,1905,1859,1831,1859,1913,1935,1936,1920,1882,1825,1837,1889,1926,1935,1919,1889,1839,1808,1867,1907,1925,1919,1895,1852,1809,1861,1907,1931,1933,1909,1874,1811,1842,1897,1923,1935,1919,1886,1837,1819,1875,1914,1929,1918,1891,1845,1799,1870,1904,1931,1930,1911,1872,1811,1847,1904,1933,1940,1930,1898,1849,1824,1882,1921,1937,1930,1905,1863,1815,1872,1917,1938,1935,1918,1872,1814,1860,1909,1936,1941,1923,1889,1835,1834,1895,1927,1936,1932,1904,1855,1814,1875,1920,1936,1937,1914,1872,1811,1856,1904,1935,1936,1921,1889,1835,1831,1890,1921,1930,1923,1890,1843,1808,1871,1914,1926,1924,1902,1859,1798,1854,1897,1923,1926,1909,1870,1814,1840,1893,1925,1931,1922,1881,1822,1856,1914,1937,1931,1898,1841,1845,1905,1937,1957,1946,1917,1871,1824,1902,1945,1971,1974,1957,1919,1863,1867,1930,1970,1986,1982,1955,1911,1849,1909,1966,1996,2000,1986,1954,1900,1872,1936,1983,2002,2001,1983,1936,1879,1909,1967,2000,2011,2000,1971,1923,1872,1931,1981,2007,2007,1989,1953,1894,1887,1957,1989,2003,2000,1975,1930,1866,1911,1967,2000,2003,1990,1955,1904,1867,1931,1981,1998,1995,1973,1932,1873,1893,1953,1988,2000,1990,1963,1910,1901,1907,1964,1984,1990,1971,1937,1883,1869,1936,1968,1988,1985,1959,1915,1851,1887,1943,1975,1985,1971,1942,1892,1845,1917,1966,1984,1984,1967,1922,1865,1873,1935,1973,1985,1979,1943,1903,1837,1894,1947,1970,1975,1963,1923,1870,1855,1922,1961,1977,1974,1949,1907,1844,1877,1936,1968,1971,1963,1934,1882,1830,1898,1936,1967,1964,1942,1905,1847,1850,1907,1949,1963,1953,1923,1879,1840,1872,1927,1951,1955,1939,1904,1845,1831,1895,1935,1953,1947,1921,1879,1815,1857,1909,1938,1949,1936,1904,1855,1808,1878,1927,1949,1951,1930,1889,1831,1838,1898,1933,1945,1936,1905,1858,1821,1862,1918,1940,1945,1930,1894,1839,1822,1887,1926,1943,1940,1917,1872,1809,1856,1908,1939,1951,1936,1904,1855,1814,1878,1927,1946,1946,1926,1885,1826,1847,1904,1938,1955,1946,1915,1869,1826,1867,1917,1939,1947,1926,1891,1835,1830,1895,1933,1945,1938,1910,1867,1805,1851,1904,1936,1942,1929,1894,1840,1808,1874,1922,1937,1936,1915,1871,1809,1840,1900,1927,1936,1931,1901,1851,1798,1859,1904,1934,1931,1914,1874,1822,1821,1882,1921,1936,1927,1900,1853,1789,1847,1903,1927,1931,1915,1879,1823,1810,1878,1911,1934,1929,1904,1860,1797,1840,1894,1923,1930,1918,1883,1833,1794,1861,1910,1931,1930,1906,1869,1808,1823,1879,1919,1935,1923,1898,1847,1808,1850,1903,1927,1933,1911,1875,1821,1808,1875,1909,1931,1923,1901,1855,1792,1845,1899,1929,1931,1919,1883,1831,1807,1871,1920,1936,1935,1910,1870,1808,1838,1894,1925,1936,1923,1895,1846,1797,1858,1904,1933,1936,1917,1879,1823,1815,1886,1918,1936,1933,1904,1861,1799,1846,1901,1933,1936,1923,1887,1837,1802,1869,1915,1936,1931,1909,1870,1809,1840,1899,1931,1939,1934,1903,1853,1808,1855,1905,1929,1931,1914,1877,1823,1823,1887,1922,1937,1936,1904,1859,1795,1845,1903,1931,1936,1923,1887,1836,1799,1863,1911,1932,1927,1906,1866,1806,1831,1891,1920,1936,1922,1894,1843,1793,1862,1904,1933,1935,1911,1874,1818,1811,1880,1918,1935,1927,1902,1856,1790,1839,1889,1920,1928,1914,1875,1826,1792,1856,1904,1922,1920,1901,1854,1794,1821,1878,1908,1921,1909,1881,1832,1781,1845,1891,1918,1918,1899,1857,1803,1808,1870,1911,1923,1915,1889,1840,1777,1838,1887,1913,1916,1903,1866,1808,1795,1866,1901,1919,1915,1891,1850,1787,1827,1886,1915,1923,1911,1879,1829,1787,1854,1902,1917,1922,1901,1859,1804,1831,1890,1922,1936,1926,1902,1847,1806,1856,1909,1936,1938,1922,1887,1827,1810,1881,1916,1936,1934,1905,1867,1805,1847,1903,1934,1941,1924,1890,1840,1797,1862,1910,1933,1933,1906,1869,1808,1820,1874,1919,1933,1919,1893,1840,1806,1846,1902,1921,1931,1914,1878,1822,1803,1863,1907,1925,1920,1898,1850,1791,1838,1892,1926,1936,1922,1894,1839,1793,1863,1909,1930,1932,1910,1872,1811,1814,1877,1919,1930,1922,1895,1849,1782,1840,1895,1921,1925,1909,1877,1824,1791,1855,1902,1919,1915,1894,1849,1790,1824,1879,1909,1918,1904,1873,1823,1777,1850,1895,1915,1919,1899,1858,1799,1808,1867,1909,1920,1911,1883,1835,1796,1838,1890,1917,1920,1904,1872,1810,1793,1861,1901,1919,1913,1889,1843,1783,1834,1889,1919,1927,1914,1879,1828,1789,1855,1902,1922,1922,1903,1858,1802,1822,1875,1913,1924,1917,1889,1840,1793,1846,1898,1924,1925,1907,1872,1814,1808,1873,1905,1922,1917,1891,1843,1782,1837,1888,1920,1924,1913,1876,1825,1794,1860,1909,1934,1927,1906,1870,1807,1827,1883,1917,1930,1919,1887,1840,1787,1856,1902,1927,1926,1907,1870,1811,1809,1875,1915,1927,1921,1894,1850,1787,1842,1898,1923,1931,1918,1882,1831,1802,1867,1911,1929,1927,1904,1858,1801,1837,1894,1925,1936,1924,1894,1843,1791,1863,1904,1933,1934,1913,1872,1812,1815,1878,1919,1930,1926,1898,1851,1786,1843,1901,1923,1930,1917,1883,1826,1797,1863,1907,1929,1923,1903,1859,1799,1827,1883,1916,1923,1917,1886,1838,1790,1840,1893,1917,1920,1903,1866,1808,1809,1874,1913,1927,1919,1894,1847,1786,1840,1891,1924,1931,1916,1879,1827,1795,1879,1909,1922,1906,1859,1803,1808,1853,1878,1881,1863,1831,1773,1765,1829,1856,1867,1859,1835,1789,1738,1803,1840,1866,1863,1845,1808,1749,1776,1827,1858,1872,1857,1824,1776,1746,1805,1849,1859,1856,1831,1786,1758,1783,1835,1856,1859,1842,1805,1747,1772,1825,1855,1865,1851,1819,1769,1745,1822,1856,1869,1850,1805,1765,1818,1875,1902,1897,1871,1827,1805,1834,1891,1921,1926,1915,1883,1829,1805,1871,1915,1936,1935,1915,1871,1813,1842,1904,1936,1947,1936,1907,1858,1808,1878,1922,1947,1951,1931,1893,1838,1836,1899,1936,1952,1945,1921,1872,1810,1861,1915,1941,1953,1939,1904,1854,1823,1886,1935,1957,1952,1933,1889,1831,1858,1920,1953,1963,1951,1921,1872,1835,1875,1927,1950,1953,1935,1898,1841,1837,1904,1936,1954,1949,1920,1873,1808,1861,1914,1943,1954,1938,1904,1856,1811,1879,1923,1943,1941,1923,1879,1823,1840,1895,1932,1943,1933,1904,1852,1805,1875,1919,1942,1949,1927,1887,1831,1827,1895,1933,1946,1941,1913,1870,1806,1851,1907,1936,1942,1931,1897,1842,1810,1873,1926,1942,1939,1922,1875,1818,1841,1899,1934,1945,1935,1904,1867,1808,1869,1917,1945,1951,1929,1894,1839,1828,1894,1928,1950,1942,1917,1873,1808,1856,1910,1941,1949,1935,1904,1849,1809,1875,1926,1946,1946,1927,1885,1826,1839,1891,1931,1943,1934,1904,1855,1808,1866,1913,1938,1940,1922,1889,1829,1813,1879,1915,1936,1929,1904,1858,1797,1851,1903,1936,1939,1927,1893,1840,1808,1872,1921,1940,1937,1917,1875,1811,1845,1904,1936,1947,1936,1906,1857,1808,1867,1915,1941,1941,1926,1888,1831,1823,1892,1927,1941,1936,1908,1865,1803,1859,1911,1937,1947,1934,1902,1847,1818,1879,1929,1949,1947,1923,1885,1821,1843,1904,1936,1947,1936,1910,1856,1808,1866,1913,1937,1939,1923,1887,1828,1827,1890,1932,1946,1937,1910,1867,1805,1850,1903,1933,1941,1927,1892,1840,1801,1863,1913,1930,1927,1906,1863,1803,1838,1893,1922,1935,1925,1897,1846,1795,1867,1907,1936,1937,1919,1882,1826,1817,1887,1920,1937,1936,1906,1865,1802,1852,1904,1935,1941,1926,1892,1840,1809,1874,1925,1943,1939,1919,1875,1814,1842,1900,1934,1941,1934,1902,1850,1803,1872,1914,1938,1940,1919,1881,1824,1823,1887,1927,1938,1934,1904,1857,1822,1855,1911,1936,1941,1927,1896,1840,1810,1874,1921,1941,1936,1913,1872,1811,1851,1906,1939,1950,1939,1909,1861,1809,1882,1926,1946,1950,1929,1888,1829,1837,1895,1938,1951,1943,1915,1867,1808,1867,1922,1943,1944,1936,1902,1847,1821,1883,1927,1945,1939,1920,1875,1815,1849,1906,1936,1947,1936,1906,1853,1806,1875,1918,1941,1943,1924,1885,1828,1831,1890,1933,1941,1935,1906,1862,1797,1857,1911,1936,1942,1926,1893,1838,1813,1879,1920,1939,1936,1915,1872,1808,1846,1904,1936,1943,1935,1902,1851,1802,1873,1917,1936,1940,1920,1878,1824,1822,1886,1922,1936,1931,1903,1855,1792,1851,1906,1934,1939,1927,1890,1840,1808,1873,1919,1939,1936,1916,1872,1814,1840,1898,1929,1938,1931,1902,1849,1827,1844,1901,1923,1927,1906,1872,1815,1811,1879,1919,1935,1930,1903,1857,1794,1840,1898,1930,1936,1923,1890,1840,1799,1867,1917,1936,1936,1914,1872,1812,1824,1878,1923,1936,1930,1902,1851,1830,1849,1904,1927,1932,1918,1881,1824,1808,1881,1917,1936,1933,1906,1863,1801,1843,1901,1930,1938,1927,1893,1842,1803,1872,1920,1941,1941,1922,1878,1823,1826,1885,1929,1936,1931,1903,1854,1836,1853,1910,1935,1938,1922,1885,1830,1813,1882,1920,1939,1937,1914,1872,1808,1841,1903,1934,1945,1931,1902,1851,1797,1863,1907,1935,1935,1914,1873,1815,1818,1881,1921,1936,1929,1901,1855,1790,1846,1898,1929,1935,1920,1884,1834,1808,1872,1919,1936,1934,1910,1870,1808,1840,1899,1929,1936,1927,1898,1843,1794,1867,1906,1933,1933,1915,1872,1815,1817,1875,1919,1933,1925,1895,1849,1785,1841,1893,1919,1925,1908,1873,1820,1797,1863,1907,1925,1923,1899,1851,1793,1831,1887,1919,1925,1911,1879,1829,1792,1856,1905,1923,1919,1901,1857,1797,1825,1885,1917,1930,1920,1891,1840,1791,1856,1901,1925,1931,1911,1875,1818,1809,1873,1908,1926,1921,1900,1851,1790,1840,1893,1922,1931,1918,1882,1830,1803,1867,1917,1936,1935,1910,1871,1808,1827,1882,1921,1936,1927,1899,1846,1803,1855,1905,1926,1931,1914,1876,1822,1811,1878,1913,1930,1926,1901,1854,1792,1841,1899,1926,1935,1921,1887,1838,1796,1863,1911,1931,1930,1905,1867,1806,1826,1883,1915,1929,1917,1886,1837,1785,1849,1893,1922,1921,1909,1866,1808,1809,1871,1910,1921,1913,1887,1840,1777,1838,1890,1914,1921,1904,1872,1813,1794,1860,1902,1919,1915,1893,1846,1784,1839,1888,1922,1926,1914,1878,1830,1791,1858,1907,1929,1925,1904,1862,1803,1827,1887,1917,1930,1919,1889,1840,1791,1860,1904,1934,1933,1913,1877,1821,1810,1879,1915,1934,1930,1904,1856,1797,1843,1900,1930,1937,1926,1879,1813,1836,1895,1920,1924,1904,1863,1805,1808,1857,1891,1898,1885,1851,1803,1766,1823,1866,1881,1873,1850,1805,1758,1797,1843,1872,1872,1854,1809,1755,1783,1838,1865,1874,1861,1831,1778,1759,1815,1857,1872,1866,1844,1796,1759,1801,1853,1872,1874,1857,1822,1762,1786,1840,1871,1877,1863,1826,1765,1787,1856,1873,1872,1844,1788,1773,1843,1885,1906,1907,1887,1845,1783,1830,1889,1921,1934,1920,1891,1840,1794,1867,1909,1936,1936,1917,1877,1823,1830,1890,1936,1950,1941,1917,1871,1807,1867,1919,1947,1953,1938,1904,1850,1818,1882,1934,1949,1943,1923,1888,1819,1854,1911,1946,1954,1942,1911,1866,1813,1874,1920,1947,1950,1933,1897,1840,1841,1906,1943,1958,1953,1922,1881,1813,1867,1920,1950,1958,1945,1907,1854,1817,1883,1931,1951,1950,1930,1883,1829,1847,1904,1936,1950,1937,1911,1861,1813,1869,1917,1942,1949,1931,1897,1838,1824,1892,1930,1942,1942,1919,1873,1809,1852,1905,1938,1946,1935,1901,1851,1808,1872,1923,1937,1937,1920,1875,1822,1840,1899,1935,1943,1938,1910,1861,1810,1875,1922,1952,1952,1936,1903,1845,1831,1901,1936,1952,1950,1927,1882,1815,1854,1907,1938,1950,1936,1904,1855,1808,1874,1920,1943,1946,1923,1883,1825,1828,1884,1923,1936,1930,1904,1856,1833,1850,1907,1934,1937,1919,1885,1830,1809,1879,1919,1936,1934,1907,1870,1807,1840,1901,1927,1937,1927,1901,1845,1801,1872,1917,1936,1936,1919,1877,1821,1823,1882,1925,1936,1931,1904,1857,1792,1843,1895,1927,1934,1917,1879,1827,1801,1861,1907,1930,1922,1903,1856,1798,1827,1890,1919,1931,1921,1890,1840,1792,1863,1905,1935,1936,1919,1877,1824,1822,1887,1927,1939,1936,1907,1864,1797,1854,1905,1936,1942,1930,1895,1840,1808,1875,1922,1946,1937,1921,1874,1817,1840,1899,1933,1939,1933,1903,1854,1807,1856,1906,1935,1935,1918,1879,1824,1819,1887,1925,1938,1935,1907,1863,1799,1846,1901,1933,1939,1929,1895,1845,1808,1873,1925,1942,1939,1923,1883,1825,1833,1889,1935,1943,1936,1910,1859,1795,1856,1905,1936,1937,1926,1889,1839,1807,1871,1917,1937,1936,1915,1872,1808,1839,1897,1927,1936,1929,1899,1846,1801,1856,1904,1927,1935,1915,1878,1821,1810,1881,1911,1933,1927,1902,1856,1792,1849,1902,1934,1939,1927,1891,1840,1799,1867,1915,1934,1935,1913,1871,1811,1826,1886,1922,1937,1927,1903,1853,1819,1850,1904,1930,1935,1916,1881,1825,1808,1872,1907,1926,1920,1899,1855,1790,1840,1891,1923,1929,1915,1879,1830,1805,1871,1917,1936,1933,1909,1869,1808,1835,1893,1924,1936,1925,1901,1849,1799,1877,1919,1941,1947,1926,1890,1835,1829,1899,1928,1946,1938,1913,1867,1801,1861,1917,1942,1950,1936,1903,1846,1819,1883,1933,1951,1946,1921,1881,1818,1849,1905,1936,1949,1936,1906,1858,1808,1871,1916,1941,1942,1925,1884,1809,1839,1893,1926,1939,1928,1902,1850,1793,1865,1904,1933,1933,1914,1875,1817,1815,1878,1920,1935,1925,1895,1851,1783,1844,1899,1925,1929,1916,1882,1828,1799,1863,1909,1931,1925,1902,1858,1801,1829,1885,1914,1923,1911,1881,1833,1783,1855,1895,1920,1919,1901,1859,1803,1811,1872,1917,1930,1921,1898,1845,1783,1840,1895,1923,1930,1914,1877,1825,1795,1860,1905,1927,1921,1902,1857,1794,1829,1885,1920,1927,1919,1889,1840,1787,1855,1897,1920,1920,1901,1859,1803,1815,1875,1917,1931,1922,1893,1845,1779,1840,1895,1919,1924,1910,1872,1818,1805,1872,1907,1931,1929,1903,1858,1798,1836,1891,1923,1936,1923,1894,1841,1792,1858,1899,1931,1930,1910,1874,1814,1808,1875,1913,1931,1923,1899,1851,1790,1835,1888,1919,1925,1914,1878,1830,1782,1847,1897,1918,1920,1899,1856,1798,1814,1866,1905,1921,1910,1879,1834,1785,1829,1883,1907,1907,1893,1857,1799,1797,1861,1897,1910,1904,1872,1830,1793,1826,1887,1909,1918,1910,1870,1813,1793,1855,1899,1920,1920,1900,1855,1792,1825,1885,1917,1926,1915,1886,1840,1783,1853,1895,1922,1926,1904,1870,1813,1805,1874,1910,1926,1922,1898,1851,1790,1827,1883,1910,1923,1909,1874,1823,1787,1855,1905,1927,1923,1904,1862,1799,1809,1870,1907,1919,1909,1879,1835,1765,1829,1877,1904,1904,1890,1851,1797,1788,1856,1887,1907,1904,1883,1831,1771,1810,1869,1901,1905,1891,1859,1809,1771,1838,1884,1906,1906,1886,1844,1787,1796,1854,1895,1904,1899,1869,1820,1790,1821,1872,1898,1904,1887,1855,1794,1771,1837,1874,1889,1886,1859,1813,1749,1808,1859,1891,1898,1885,1845,1792,1775,1840,1882,1904,1904,1879,1840,1777,1808,1863,1893,1904,1895,1863,1809,1763,1837,1875,1902,1904,1886,1843,1789,1789,1850,1890,1902,1895,1865,1818,1751,1809,1867,1891,1901,1883,1847,1793,1773,1839,1879,1901,1899,1873,1834,1771,1806,1863,1894,1904,1891,1862,1808,1759,1839,1879,1904,1904,1884,1846,1790,1793,1855,1901,1910,1904,1874,1828,1766,1823,1873,1904,1905,1891,1855,1799,1779,1858,1890,1905,1887,1846,1781,1777,1830,1862,1863,1850,1815,1763,1744,1807,1839,1852,1841,1813,1769,1719,1774,1821,1840,1840,1819,1778,1723,1751,1808,1838,1843,1831,1799,1747,1712,1776,1818,1835,1830,1808,1761,1701,1750,1795,1825,1829,1809,1775,1718,1728,1779,1818,1823,1815,1785,1737,1700,1785,1818,1825,1823,1783,1718,1775,1827,1867,1855,1838,1797,1735,1774,1834,1870,1881,1874,1842,1795,1744,1811,1859,1891,1893,1875,1839,1782,1779,1847,1887,1903,1897,1863,1824,1759,1815,1870,1904,1907,1895,1859,1808,1776,1840,1890,1907,1909,1889,1847,1789,1802,1859,1897,1909,1902,1871,1822,1788,1825,1877,1904,1909,1890,1855,1798,1780,1849,1885,1906,1904,1876,1837,1773,1813,1871,1903,1910,1897,1867,1814,1771,1840,1887,1905,1909,1889,1850,1790,1791,1855,1895,1907,1903,1872,1825,1762,1822,1872,1904,1907,1898,1858,1802,1774,1835,1882,1901,1895,1872,1831,1775,1799,1854,1884,1893,1883,1855,1807,1755,1830,1874,1901,1903,1882,1840,1785,1792,1853,1894,1912,1902,1872,1826,1763,1821,1875,1904,1905,1895,1859,1805,1781,1843,1889,1909,1905,1885,1842,1778,1810,1872,1904,1911,1904,1873,1822,1776,1826,1876,1904,1904,1886,1847,1790,1776,1843,1875,1893,1884,1856,1808,1742,1791,1839,1865,1867,1847,1807,1746,1702,1762,1799,1809,1795,1762,1732,1904,1301,979,2448,849,2540,4095,4095,1584,4095,3232,0,4095,0,0,0,2829,4095,4095,4095,4095,4095,4095,4095,0,0,4095,4095,959,4095,4095,4095,4095,4095,3438,4095,4095,4095,4095,4095,4095,4095,4095,3728,4095,4095,4095,4095,4095,4095,4095,4095,4095,4095,4095,4095,4095,4095,4095,4095,4095,4095,4095,4095,4095,4095,4095,4095,4095,4095,4095,4095,4095,4095,4095,4095,4095,4095,4095,4095,4095,4095,4095,4095,4095,4095,4095,4095,4095,4095,4095,4095,4095,4095,4095,4095,1791,4095,4095,2672,4095,4095,4095,4095,4095,4095,4095,4095,4095,4095,4095,4095,4095,4095,4095,4095,4095,4095,4095,4095,4095,4095,4095,4095,4095,4095,4095,4095,4095,4095,4095,4095,4095,4095,4095,4095,4095,4095,4095,4095,4095,4095,4095,4095,4095,4095,4095,4095,4095,4095,4095,4095,4095,4095,4095,4095,4095,4095,4095,4095,4095,4095,4095,4095,4095,4095,4095,4095,4095,4095,4095,4095,4095,4095,4095,4095,4095,4095,4095,4095,4095,4095,4095,4095,4095,4095,4095,4095,4095,4095,4095,4095,4095,4095,4095,4095,4095,4095,4095,4095,4095,4095,4095,4095,4095,4095,4095,4095,4095,4095,4095,4095,4095,4095,4095,4095,4095,4095,4095,4095,4095,4095,4095,4095,4095,4095,4095,4095,4095,4095,4095,4095,4095,4095,4095,4095,4095,4095,4095,4095,4095,4095,4095,4095,4095,4095,4095,4095,4095,4095,4095,4095,4095,4095,4095,4095,4095,4095,4095,4095,4095,4095,4095,4095,4095,4095,4095,4095,4095,4095,4095,4095,4095,4095,4095,4095,4095,4095,4095,4095,4095,4095,4095,4095,4095,4095,4095,4095,4095,4095,4095,4095,4095,4095,4095,4095,4095,4095,4095,4095,4095,4095,4095,4095,4095,4095,4095,3868,3984,4095,4021,4095,4095,4095,4095,4095,4095,4095,4095,4015,3938,3883,4095,4095,4095,3583,3450,4095,4095,3426,3297,3151,3927,3824,3273,3376,4095,3769,3531,3305,3311,3527,3504,3271,3322,3386,3151,3161,3499,3418,2737,2845,3226,3307,3233,2881,2880,3246,3107,3119,2773,2885,3015,2859,2715,2674,2848,3037,2627,2798,2480,2717,2915,2609,2569,2875,2447,2640,2688,2430,2879,2685,2512,2601,2410,2198,2328,2507,2402,2244,2475,2302,2431,2271,2431,2311,2305,2238,2250,1968,2139,2075,2087,2384,2234,2194,2083,1904,1998,2094,2089,1978,1959,2003,1739,1968,1963,2123,1859,1738,1987,1618,1681,1690,1772,1680,1738,1825,1776,1595,1408,1488,1794,1587,1719,1510,1549,1347,1361,1387,1651,1431,1379,1203,1251,1071,1255,1459,1411,1242,1183,1243,1074,1077,1178,1201,1099,1072,1136,967,897,1041,799,855,912,1013,705,741,816,923,698,752,783,723,674,500,418,592,676,769,591,491,573,500,519,560,449,583,379,255,251,307,400,329,224,321,154,48,200,283,134,144,135,90,0,0,0,4,123,114,83,0,0,0,0,0,0,0,0,0,0,0,0,0,0,0,0,0,0,0,0,0,0,0,0,0,0,0,0,0,0,0,0,0,0,0,0,0,0,0,0,0,0,0,0,0,0,0,0,0,0,0,0,0,0,0,0,0,0,0,0,0,0,0,0,0,0,0,0,0,0,0,0,0,0,0,0,0,0,0,0,0,0,0,0,0,0,0,0,0,0,0,0,0,0,0,0,0,0,0,0,0,0,0,0,0,0,0,0,0,0,0,0,0,0,0,0,0,0,0,0,0,0,0,0,0,0,0,0,0,0,0,0,0,0,0,0,0,0,0,0,0,0,0,0,0,0,0,0,0,0,0,0,0,0,0,0,0,0,0,0,0,0,0,0,0,0,0,0,0,0,0,0,0,0,0,0,0,0,0,0,0,0,0,0,0,0,0,0,0,0,0,0,0,0,0,0,0,0,0,0,0,0,0,0,0,0,0,0,0,0,0,0,0,0,0,0,0,0,0,0,0,0,0,0,0,0,0,0,0,0,0,0,0,0,0,0,0,0,0,0,0,0,0,0,0,0,0,0,0,0,0,0,0,0,0,0,0,0,0,0,0,0,0,0,0,0,0,0,0,0,0,0,0,0,0,0,0,0,0,0,0,0,0,0,0,0,0,0,0,0,6,15,34,0,0,0,75,111,155,133,90,41,48,145,146,156,173,210,177,64,145,211,263,272,247,240,183,229,269,341,335,350,331,310,255,340,347,368,397,395,351,294,339,414,485,525,462,390,364,447,535,497,503,550,558,499,467,496,602,595,602,592,530,507,557,630,667,683,656,633,552,629,695,729,720,747,710,671,653,710,745,799,762,780,729,688,774,811,816,833,848,778,749,772,851,896,891,880,850,841,803,881,924,944,944,925,886,821,915,954,996,971,994,941,903,917,965,1040,1056,1010,976,922,970,1019,1055,1086,1079,1061,990,991,1067,1109,1106,1103,1104,1057,1008,1088,1107,1161,1146,1151,1125,1049,1104,1162,1199,1236,1186,1158,1136,1126,1182,1223,1237,1247,1239,1162,1120,1201,1262,1254,1285,1264,1234,1190,1217,1282,1309,1317,1299,1267,1219,1227,1295,1344,1346,1328,1309,1267,1278,1331,1360,1386,1363,1361,1310,1262,1348,1381,1427,1414,1383,1378,1322,1331,1402,1455,1449,1422,1398,1359,1372,1434,1471,1479,1475,1466,1418,1387,1445,1469,1502,1520,1502,1463,1386,1439,1475,1526,1526,1523,1481,1433,1465,1514,1547,1569,1552,1535,1494,1456,1522,1575,1603,1613,1564,1498,1456,1546,1587,1612,1609,1600,1583,1502,1559,1599,1630,1643,1636,1596,1543,1527,1616,1643,1663,1651,1637,1598,1551,1603,1657,1680,1683,1667,1613,1558,1623,1681,1686,1685,1685,1679,1605,1594,1657,1725,1728,1701,1680,1627,1607,1664,1715,1729,1719,1712,1678,1603,1669,1728,1744,1745,1742,1710,1637,1661,1724,1771,1780,1763,1731,1688,1659,1718,1776,1789,1780,1754,1707,1676,1721,1789,1779,1803,1787,1759,1698,1724,1775,1805,1822,1822,1787,1721,1712,1777,1829,1826,1819,1799,1776,1718,1761,1806,1846,1862,1829,1792,1731,1751,1827,1854,1857,1840,1815,1748,1744,1809,1861,1862,1863,1828,1791,1751,1824,1851,1878,1877,1865,1821,1761,1815,1865,1894,1905,1891,1855,1797,1793,1855,1909,1917,1906,1872,1829,1801,1863,1891,1925,1920,1904,1853,1797,1854,1905,1930,1936,1934,1886,1835,1842,1903,1925,1937,1923,1903,1856,1819,1881,1930,1936,1931,1914,1872,1829,1872,1931,1953,1952,1931,1891,1839,1858,1919,1949,1955,1952,1920,1871,1843,1906,1947,1958,1951,1933,1884,1851,1902,1943,1970,1971,1956,1917,1857,1873,1936,1968,1975,1957,1930,1873,1872,1931,1959,1977,1970,1947,1904,1858,1923,1952,1984,1990,1965,1907,1859,1915,1962,1968,1982,1966,1937,1887,1892,1936,1984,1997,1986,1957,1911,1872,1927,1983,1993,1993,1975,1932,1883,1931,1983,2011,2000,1986,1959,1904,1910,1968,2000,2011,2006,1984,1936,1889,1946,1993,2011,2011,1986,1952,1898,1939,1987,2023,2032,2010,1975,1922,1914,1979,2010,2029,2015,1993,1943,1899,1969,2007,2038,2031,2017,1978,1923,1958,2001,2032,2042,2026,1991,1939,1929,1987,2023,2033,2031,2003,1966,1916,1968,2009,2032,2032,2006,1967,1907,1963,2009,2039,2045,2028,1985,1935,1948,2004,2037,2045,2046,2015,1968,1921,1985,2027,2047,2047,2022,1984,1926,1969,2027,2054,2064,2039,2011,1962,1955,2014,2041,2059,2055,2010,1968,1930,1991,2036,2059,2047,2027,1989,1936,1987,2026,2060,2064,2055,2014,1952,1958,2016,2064,2070,2059,2025,1981,1943,2007,2057,2067,2063,2039,2000,1936,1986,2035,2064,2067,2055,2007,1954,1963,2018,2063,2066,2057,2026,1968,1937,2001,2039,2058,2058,2030,1983,1941,1975,2032,2055,2061,2030,1997,1939,1968,2016,2042,2062,2037,2005,1956,1943,2015,2054,2067,2062,2031,1984,1936,1989,2038,2063,2064,2039,2005,1951,1981,2031,2064,2074,2064,2028,1979,1957,2019,2063,2077,2066,2032,1986,1939,2005,2041,2067,2064,2037,2000,1937,1982,2033,2066,2070,2052,2019,1965,1958,2022,2063,2065,2061,2027,1977,1940,2003,2059,2069,2065,2037,1999,1938,1991,2042,2068,2074,2058,2013,1956,1977,2025,2066,2077,2063,2030,1977,1955,2011,2061,2073,2069,2032,1991,1947,2000,2041,2073,2071,2046,2002,1948,1988,2037,2069,2079,2059,2018,1968,1966,2031,2061,2074,2067,2037,1990,1942,2006,2046,2071,2069,2043,2000,1947,1997,2045,2077,2080,2065,2022,1968,1969,2031,2071,2081,2067,2034,1983,1941,2010,2061,2076,2067,2038,2003,1939,1983,2033,2065,2074,2046,2012,1962,1963,2023,2064,2079,2064,2032,1987,1936,2002,2042,2071,2067,2038,1996,1940,1982,2031,2062,2064,2039,2003,1954,1959,2011,2061,2068,2062,2026,1978,1936,1999,2043,2065,2064,2033,1995,1934,1981,2030,2063,2064,2037,2000,1949,1958,2013,2056,2065,2054,2021,1971,1929,1994,2027,2062,2055,2027,1991,1929,1980,2027,2062,2066,2045,2007,1957,1939,2001,2030,2043,2032,2005,1962,1925,1983,2030,2047,2047,2027,1975,1922,1968,2018,2047,2055,2032,1998,1937,1951,2003,2047,2059,2045,2015,1966,1930,1999,2037,2064,2058,2032,1985,1930,1977,2031,2058,2064,2041,2007,1952,1952,2011,2047,2062,2046,2013,1968,1929,1989,2032,2058,2058,2027,1981,1925,1968,2017,2043,2054,2032,1999,1945,1937,1998,2031,2045,2032,1999,1953,1929,1985,2030,2047,2042,2015,1969,1951,1971,2023,2046,2054,2032,1997,1945,1949,2002,2043,2062,2045,2018,1968,1931,1990,2034,2057,2055,2028,1985,1927,1968,2018,2047,2058,2034,1999,1942,1936,2000,2032,2043,2034,2004,1962,1914,1979,2011,2032,2032,2006,1967,1906,1967,2011,2035,2034,2019,1983,1931,1938,1992,2031,2035,2026,1998,1947,1918,1975,2019,2032,2031,2001,1963,1925,1959,2004,2027,2029,2007,1970,1913,1940,1998,2021,2029,2013,1984,1933,1917,1982,2011,2029,2022,1995,1950,1904,1968,2001,2026,2020,2000,1959,1900,1943,1999,2027,2030,2011,1981,1929,1919,1981,2015,2031,2023,1994,1947,1904,1969,2002,2029,2029,2005,1967,1909,1951,2002,2032,2039,2029,1995,1939,1925,1989,2018,2033,2025,1997,1947,1907,1971,2010,2032,2027,2008,1968,1909,1950,2001,2029,2034,2017,1985,1931,1922,1985,2013,2027,2016,1989,1939,1904,1966,2010,2022,2023,2001,1961,1899,1951,2000,2023,2023,2006,1967,1914,1936,1989,2019,2032,2017,1984,1934,1923,1984,2015,2030,2022,1998,1953,1905,1968,2007,2032,2033,2015,1978,1920,1955,2007,2037,2043,2030,1996,1942,1927,1989,2019,2035,2026,2000,1950,1911,1977,2018,2038,2034,2013,1968,1907,1957,2006,2033,2037,2030,1988,1936,1934,1983,2026,2037,2032,2000,1950,1904,1970,2007,2027,2027,1998,1959,1900,1945,1994,2021,2029,2011,1974,1922,1929,1983,2022,2030,2020,1986,1938,1904,1968,2010,2029,2024,1998,1961,1901,1947,1992,2019,2022,2000,1967,1912,1926,1974,2011,2015,2003,1969,1919,1899,1961,2000,2016,2007,1984,1936,1894,1947,1994,2014,2015,1996,1954,1902,1936,1990,2018,2024,2013,1982,1927,1917,1981,2011,2032,2023,1996,1950,1905,1955,2002,2027,2027,2002,1967,1906,1936,1994,2017,2027,2014,1979,1927,1922,1984,2011,2031,2023,1994,1950,1904,1971,2010,2032,2032,2007,1968,1913,1949,2001,2029,2034,2021,1986,1936,1926,1987,2016,2032,2025,1998,1951,1904,1974,2005,2029,2026,1999,1955,1899,1950,1999,2022,2023,2006,1968,1910,1942,1998,2027,2034,2023,1993,1943,1913,1975,2015,2031,2018,1995,1949,1904,1959,2001,2027,2023,2000,1965,1905,1941,1996,2027,2032,2015,1981,1929,1923,1986,2014,2031,2023,1993,1942,1900,1965,2000,2018,2017,1993,1947,1899,1946,1995,2018,2021,2006,1968,1913,1925,1979,2014,2026,2013,1982,1935,1904,1965,2002,2021,2013,1989,1945,1913,1941,1989,2010,2011,1991,1951,1897,1934,1985,2015,2022,2007,1980,1923,1910,1974,2005,2026,2015,1988,1944,1897,1967,2000,2029,2027,2000,1964,1904,1936,1990,2018,2026,2011,1979,1927,1908,1970,2004,2023,2015,1985,1941,1898,1951,1995,2015,2014,1993,1955,1895,1939,1994,2025,2027,2014,1978,1932,1918,1978,2003,2019,2011,1983,1936,1899,1963,2005,2023,2022,1999,1957,1899,1946,1998,2023,2030,2011,1975,1922,1920,1979,2013,2023,2011,1984,1936,1891,1955,1997,2015,2007,1985,1942,1885,1939,1983,2009,2010,1993,1954,1898,1927,1982,2013,2023,2013,1981,1935,1905,1968,2005,2022,2011,1987,1945,1902,1955,2000,2023,2019,2000,1963,1904,1938,1995,2023,2023,2014,1982,1930,1907,1968,2001,2019,2011,1983,1937,1889,1945,1987,2005,2007,1984,1939,1885,1934,1982,2009,2013,2000,1961,1905,1904,1965,1996,2004,1997,1966,1918,1877,1937,1985,2000,2000,1977,1934,1872,1931,1978,2000,2004,1989,1952,1898,1909,1959,1995,2003,1994,1963,1911,1890,1953,1989,2003,1997,1973,1929,1891,1930,1979,2001,2001,1985,1946,1892,1915,1968,1999,2005,1995,1965,1915,1881,1941,1981,1997,1985,1963,1920,1870,1931,1968,1993,1991,1970,1934,1872,1904,1966,1987,1995,1979,1946,1891,1893,1954,1987,2000,1994,1967,1921,1875,1945,1982,2000,2000,1979,1936,1879,1922,1975,2000,2007,1987,1952,1903,1905,1966,1996,2005,1998,1968,1917,1878,1939,1987,2000,2000,1979,1935,1873,1927,1971,2000,2001,1986,1947,1891,1915,1966,1991,1991,1977,1938,1886,1895,1943,1984,1996,1982,1950,1903,1872,1937,1979,1996,1991,1968,1923,1863,1918,1970,1995,1999,1981,1943,1889,1904,1962,1995,2005,1995,1966,1914,1883,1939,1985,2000,1998,1974,1930,1889,1926,1978,1998,2000,1983,1943,1883,1917,1969,1998,2006,1990,1963,1910,1887,1943,1983,1987,1970,1922,1869,1951,2010,2018,2004,1981,1932,1890,1963,2014,2035,2039,2023,1984,1933,1937,1999,2046,2064,2063,2025,1983,1920,1968,2023,2063,2065,2059,2022,1966,1936,1999,2046,2070,2067,2042,2000,1942,1968,2023,2059,2066,2057,2016,1968,1923,1994,2039,2064,2065,2043,2000,1942,1950,2010,2054,2066,2062,2029,1979,1951,1981,2035,2064,2069,2047,2011,1959,1933,1999,2042,2066,2064,2033,1993,1930,1957,2014,2046,2059,2046,2013,1959,1911,1982,2022,2046,2047,2023,1986,1931,1935,1993,2035,2046,2042,2013,1967,1919,1959,2015,2035,2046,2028,1989,1932,1927,1993,2030,2046,2041,2015,1968,1909,1947,2002,2034,2045,2031,1996,1943,1904,1968,2017,2037,2034,2015,1973,1917,1939,2000,2032,2045,2033,2006,1959,1907,1963,2013,2039,2043,2025,1991,1933,1919,1987,2023,2042,2035,2018,1968,1905,1955,2005,2037,2053,2035,1997,1947,1904,1974,2016,2037,2041,2017,1977,1915,1931,1984,2017,2032,2019,1998,1938,1894,1954,2000,2030,2029,2010,1970,1919,1910,1973,2010,2028,2017,1989,1942,1875,1934,1985,2015,2022,2003,1970,1915,1891,1958,2000,2020,2015,1991,1950,1887,1920,1978,2008,2018,2006,1978,1926,1881,1951,2001,2022,2023,2001,1962,1904,1907,1968,2011,2026,2018,1988,1939,1907,1938,1995,2015,2024,2003,1968,1909,1893,1958,1996,2009,2005,1979,1936,1873,1920,1973,2003,2009,1999,1965,1911,1867,1934,1977,1999,2000,1979,1936,1872,1904,1968,1999,2010,2000,1968,1920,1869,1929,1973,2002,2003,1985,1949,1890,1892,1953,1993,2004,1998,1971,1923,1857,1919,1973,1998,2000,1987,1952,1899,1881,1952,1987,2005,2005,1982,1936,1874,1904,1964,1994,2000,1986,1957,1904,1865,1933,1981,1999,2000,1979,1936,1882,1901,1959,1991,2003,1994,1968,1919,1871,1930,1978,2002,2005,1986,1951,1899,1879,1946,1987,2003,2000,1973,1932,1868,1902,1957,1985,1994,1977,1948,1897,1854,1925,1973,1986,1991,1968,1927,1872,1883,1936,1979,1990,1984,1955,1909,1865,1907,1968,1979,1998,1974,1950,1895,1869,1934,1971,1989,1987,1968,1919,1859,1893,1954,1981,1991,1981,1947,1898,1855,1925,1970,1990,1990,1973,1930,1872,1882,1939,1979,1988,1983,1952,1904,1861,1911,1959,1984,1985,1968,1933,1872,1872,1936,1975,1986,1981,1951,1904,1862,1904,1957,1979,1989,1974,1937,1876,1853,1923,1966,1986,1978,1962,1915,1854,1890,1945,1975,1987,1974,1943,1895,1842,1919,1961,1985,1983,1962,1920,1867,1872,1934,1969,1981,1972,1942,1895,1856,1899,1950,1985,1977,1967,1931,1876,1869,1935,1968,1987,1984,1955,1910,1851,1894,1950,1979,1986,1974,1939,1893,1846,1915,1958,1981,1983,1965,1919,1859,1872,1927,1971,1984,1973,1950,1904,1835,1898,1955,1973,1981,1968,1931,1878,1854,1926,1968,1985,1983,1957,1918,1855,1891,1952,1982,1991,1979,1948,1894,1849,1921,1963,1985,1987,1968,1926,1872,1875,1935,1978,1987,1984,1952,1907,1843,1903,1954,1980,1983,1970,1937,1883,1850,1911,1963,1981,1978,1958,1918,1855,1883,1941,1978,1985,1972,1949,1894,1844,1913,1955,1981,1984,1967,1927,1869,1861,1930,1968,1985,1978,1953,1906,1846,1898,1950,1979,1984,1973,1935,1883,1843,1912,1962,1977,1979,1959,1919,1857,1867,1921,1966,1978,1970,1939,1887,1855,1894,1952,1969,1978,1965,1928,1872,1853,1919,1955,1981,1973,1950,1909,1850,1886,1941,1975,1991,1978,1944,1891,1840,1910,1954,1984,1981,1968,1921,1871,1858,1931,1968,1982,1974,1951,1905,1840,1898,1943,1975,1983,1969,1937,1881,1841,1910,1958,1979,1979,1949,1913,1855,1867,1924,1961,1974,1962,1934,1879,1869,1907,1949,1979,1978,1955,1919,1867,1855,1927,1958,1971,1971,1943,1904,1838,1878,1936,1968,1977,1961,1930,1875,1833,1899,1948,1968,1968,1947,1906,1850,1869,1927,1965,1974,1968,1936,1893,1861,1890,1974,1969,1974,1957,1924,1865,1847,1911,1951,1968,1967,1945,1899,1835,1886,1936,1970,1980,1963,1933,1875,1840,1903,1949,1973,1973,1953,1909,1854,1861,1920,1963,1974,1968,1936,1891,1823,1882,1936,1964,1968,1954,1919,1857,1847,1911,1950,1968,1968,1938,1904,1840,1871,1931,1963,1968,1957,1923,1872,1825,1893,1941,1965,1967,1946,1908,1851,1850,1914,1950,1965,1963,1929,1886,1815,1877,1930,1961,1967,1949,1913,1858,1840,1904,1943,1966,1965,1936,1897,1832,1877,1935,1969,1978,1965,1935,1883,1835,1907,1946,1971,1972,1952,1913,1859,1856,1919,1957,1971,1965,1941,1894,1827,1870,1929,1957,1968,1953,1917,1869,1827,1887,1943,1962,1962,1942,1904,1841,1856,1908,1950,1963,1959,1927,1883,1836,1890,1939,1967,1971,1936,1883,1817,1885,1930,1947,1942,1911,1869,1806,1859,1901,1918,1915,1899,1847,1797,1827,1873,1905,1909,1892,1863,1808,1791,1853,1882,1895,1886,1865,1816,1766,1829,1867,1891,1887,1869,1827,1778,1808,1866,1891,1898,1888,1856,1805,1785,1841,1879,1895,1887,1867,1821,1776,1826,1872,1894,1894,1874,1839,1779,1808,1867,1890,1902,1898,1856,1808,1776,1840,1887,1894,1885,1842,1799,1819,1889,1905,1919,1890,1837,1791,1863,1907,1936,1938,1921,1889,1837,1839,1902,1945,1959,1955,1935,1888,1826,1875,1935,1968,1974,1967,1927,1877,1840,1905,1953,1973,1979,1962,1914,1857,1867,1923,1969,1983,1970,1946,1901,1834,1898,1951,1978,1981,1970,1935,1879,1851,1922,1969,1987,1985,1968,1920,1863,1874,1936,1974,1990,1975,1950,1900,1860,1902,1959,1980,1983,1967,1931,1873,1856,1924,1959,1979,1970,1946,1906,1840,1883,1942,1969,1977,1967,1930,1881,1841,1905,1957,1984,1975,1965,1919,1860,1867,1926,1970,1983,1978,1949,1895,1835,1892,1946,1968,1974,1959,1923,1868,1846,1918,1958,1973,1971,1951,1904,1842,1883,1939,1973,1984,1971,1947,1891,1841,1905,1949,1979,1979,1957,1919,1867,1867,1923,1962,1975,1967,1941,1894,1827,1887,1936,1968,1967,1958,1921,1872,1842,1904,1955,1974,1971,1951,1907,1851,1871,1934,1957,1977,1966,1935,1886,1837,1895,1936,1966,1971,1951,1918,1859,1856,1923,1963,1979,1968,1943,1901,1838,1883,1939,1970,1977,1955,1922,1875,1835,1903,1947,1968,1969,1943,1904,1846,1871,1926,1951,1971,1958,1927,1874,1830,1899,1935,1965,1968,1943,1911,1853,1849,1910,1951,1967,1954,1923,1879,1842,1877,1934,1963,1965,1947,1914,1855,1838,1903,1941,1958,1951,1930,1889,1825,1874,1928,1964,1969,1955,1921,1873,1827,1895,1943,1962,1967,1940,1903,1840,1847,1904,1947,1959,1947,1921,1869,1835,1872,1925,1947,1953,1940,1905,1847,1826,1887,1936,1951,1942,1921,1878,1819,1854,1910,1942,1956,1939,1913,1862,1811,1885,1921,1948,1950,1936,1892,1834,1840,1894,1940,1951,1947,1921,1872,1810,1869,1924,1951,1957,1945,1907,1856,1819,1889,1936,1955,1955,1934,1889,1827,1855,1915,1945,1955,1942,1914,1862,1818,1895,1936,1962,1967,1943,1904,1847,1853,1914,1953,1970,1967,1936,1888,1830,1877,1936,1965,1968,1955,1920,1863,1833,1897,1938,1963,1957,1936,1896,1840,1867,1927,1955,1969,1965,1933,1883,1843,1881,1936,1965,1964,1941,1905,1847,1833,1901,1935,1950,1946,1923,1877,1818,1871,1923,1957,1968,1949,1914,1866,1818,1884,1936,1955,1959,1937,1899,1840,1841,1904,1939,1953,1943,1920,1869,1842,1869,1927,1947,1955,1936,1904,1850,1830,1900,1934,1952,1945,1924,1879,1815,1855,1915,1942,1955,1937,1908,1859,1808,1879,1926,1949,1945,1927,1889,1834,1839,1902,1939,1952,1946,1920,1873,1808,1867,1920,1943,1950,1936,1898,1841,1827,1894,1927,1951,1949,1921,1882,1818,1852,1907,1936,1947,1933,1899,1844,1809,1877,1926,1947,1945,1926,1883,1823,1839,1895,1935,1949,1937,1909,1862,1811,1877,1925,1952,1955,1937,1902,1846,1833,1902,1936,1954,1951,1923,1883,1820,1859,1917,1941,1950,1937,1903,1850,1811,1877,1930,1947,1947,1926,1883,1823,1846,1905,1937,1956,1947,1918,1872,1834,1872,1919,1951,1953,1936,1899,1840,1826,1898,1931,1951,1946,1923,1879,1807,1851,1909,1941,1949,1936,1902,1854,1805,1872,1922,1945,1941,1919,1886,1826,1833,1891,1934,1943,1936,1914,1860,1802,1855,1904,1936,1940,1931,1891,1839,1813,1884,1927,1947,1943,1922,1879,1819,1849,1910,1940,1948,1936,1910,1857,1808,1878,1921,1946,1949,1933,1891,1838,1831,1903,1936,1951,1941,1917,1872,1808,1858,1907,1936,1939,1935,1890,1835,1813,1879,1923,1942,1936,1914,1872,1810,1842,1899,1932,1939,1929,1898,1846,1803,1871,1920,1938,1940,1920,1882,1822,1840,1904,1936,1953,1939,1918,1867,1831,1867,1925,1946,1952,1936,1901,1841,1826,1893,1931,1950,1946,1921,1873,1814,1862,1920,1951,1962,1947,1912,1861,1809,1879,1924,1948,1950,1930,1891,1834,1839,1900,1938,1957,1946,1918,1872,1841,1872,1926,1953,1959,1938,1906,1854,1831,1893,1935,1955,1955,1926,1881,1823,1854,1915,1943,1952,1940,1910,1859,1813,1884,1927,1951,1953,1933,1897,1838,1840,1900,1941,1952,1951,1920,1873,1811,1872,1921,1954,1961,1947,1911,1856,1840,1893,1936,1955,1952,1924,1882,1823,1868,1921,1953,1961,1948,1914,1866,1815,1887,1934,1953,1951,1933,1893,1833,1854,1909,1946,1963,1951,1922,1877,1840,1872,1930,1955,1957,1938,1905,1843,1834,1901,1936,1957,1951,1923,1884,1819,1856,1917,1946,1956,1941,1910,1861,1811,1884,1931,1951,1954,1933,1893,1838,1841,1904,1946,1958,1959,1922,1873,1809,1870,1921,1947,1956,1937,1904,1854,1817,1879,1932,1951,1952,1927,1885,1820,1851,1914,1942,1952,1940,1914,1865,1813,1873,1919,1949,1952,1935,1893,1839,1829,1895,1929,1947,1939,1917,1870,1799,1855,1908,1935,1925,1883,1840,1799,1856,1897,1909,1906,1877,1829,1773,1823,1867,1895,1901,1875,1839,1783,1790,1840,1883,1890,1883,1849,1797,1758,1822,1866,1876,1874,1854,1809,1751,1802,1849,1879,1875,1861,1824,1771,1778,1837,1870,1879,1871,1840,1792,1747,1813,1855,1872,1870,1842,1794,1758,1822,1856,1872,1862,1813,1770,1815,1877,1902,1899,1881,1840,1776,1817,1875,1913,1922,1918,1887,1839,1794,1855,1904,1935,1937,1917,1881,1825,1823,1891,1930,1946,1941,1921,1872,1808,1855,1911,1941,1951,1936,1905,1850,1811,1879,1966,1951,1953,1931,1891,1833,1857,1918,1949,1964,1954,1925,1877,1827,1890,1937,1966,1960,1951,1917,1854,1840,1911,1943,1966,1962,1936,1895,1835,1871,1924,1955,1964,1946,1915,1863,1821,1888,1936,1958,1957,1936,1895,1839,1845,1903,1942,1952,1942,1911,1868,1821,1879,1924,1950,1954,1935,1899,1840,1840,1904,1941,1956,1950,1924,1874,1811,1872,1921,1950,1952,1938,1904,1850,1835,1895,1936,1954,1954,1926,1882,1818,1857,1909,1943,1953,1936,1904,1853,1818,1882,1927,1950,1947,1931,1886,1825,1845,1904,1936,1951,1937,1910,1859,1809,1879,1922,1954,1951,1933,1898,1840,1840,1904,1941,1961,1949,1925,1877,1811,1872,1920,1953,1957,1946,1908,1858,1831,1889,1938,1957,1952,1934,1885,1827,1856,1911,1941,1955,1945,1917,1867,1818,1878,1922,1953,1950,1934,1895,1839,1839,1901,1939,1957,1950,1920,1873,1810,1871,1920,1951,1951,1938,1904,1848,1826,1886,1927,1951,1947,1925,1879,1824,1853,1911,1936,1950,1936,1904,1855,1807,1875,1922,1942,1941,1921,1883,1825,1826,1890,1932,1943,1936,1909,1860,1799,1860,1915,1936,1946,1933,1897,1840,1813,1883,1927,1943,1941,1920,1873,1811,1857,1913,1947,1952,1940,1907,1856,1814,1882,1934,1951,1954,1931,1891,1836,1842,1903,1941,1953,1943,1915,1868,1815,1882,1923,1951,1954,1936,1904,1845,1827,1898,1933,1949,1946,1919,1875,1808,1863,1913,1951,1952,1938,1909,1854,1812,1883,1930,1957,1947,1927,1887,1825,1845,1905,1939,1957,1943,1918,1867,1854,1865,1923,1943,1949,1935,1895,1839,1824,1891,1929,1942,1936,1919,1872,1807,1856,1905,1937,1951,1933,1901,1849,1808,1874,1924,1951,1943,1925,1884,1825,1840,1901,1936,1953,1943,1915,1869,1834,1871,1922,1945,1954,1935,1902,1845,1824,1886,1927,1947,1946,1921,1879,1813,1851,1910,1938,1947,1938,1914,1861,1811,1875,1914,1946,1945,1926,1883,1831,1834,1895,1936,1950,1942,1916,1869,1806,1867,1914,1943,1943,1938,1897,1847,1820,1886,1933,1952,1947,1929,1886,1825,1854,1905,1936,1961,1939,1913,1862,1810,1878,1922,1949,1947,1934,1898,1840,1836,1903,1941,1953,1948,1921,1873,1812,1855,1909,1945,1942,1934,1898,1840,1815,1877,1926,1943,1943,1919,1872,1813,1858,1907,1941,1948,1938,1902,1854,1807,1873,1925,1939,1943,1924,1883,1821,1840,1899,1934,1950,1936,1909,1858,1815,1866,1919,1945,1947,1927,1897,1840,1826,1894,1923,1940,1936,1913,1872,1808,1857,1907,1937,1949,1936,1903,1850,1804,1869,1915,1935,1934,1914,1872,1808,1834,1888,1925,1937,1929,1899,1845,1795,1859,1906,1935,1936,1918,1885,1825,1819,1886,1922,1936,1933,1904,1860,1794,1842,1899,1928,1936,1924,1883,1833,1807,1871,1914,1936,1932,1907,1869,1808,1829,1887,1922,1934,1920,1887,1835,1789,1865,1909,1927,1933,1906,1874,1819,1821,1879,1922,1931,1922,1891,1846,1810,1849,1904,1935,1936,1919,1886,1828,1812,1879,1918,1938,1935,1907,1866,1808,1847,1905,1933,1945,1931,1899,1847,1797,1870,1913,1936,1936,1915,1873,1819,1831,1889,1927,1943,1936,1906,1858,1793,1858,1917,1941,1946,1931,1897,1843,1813,1877,1927,1943,1939,1915,1872,1813,1842,1904,1933,1943,1936,1904,1855,1806,1875,1923,1942,1946,1931,1887,1827,1826,1890,1919,1946,1936,1916,1871,1803,1857,1905,1936,1945,1930,1895,1830,1827,1885,1926,1938,1934,1903,1856,1791,1855,1904,1934,1939,1927,1893,1835,1803,1868,1910,1932,1926,1904,1859,1798,1840,1895,1929,1936,1921,1888,1840,1794,1866,1914,1936,1933,1915,1873,1818,1819,1881,1925,1939,1935,1902,1858,1791,1846,1903,1931,1935,1917,1883,1826,1808,1878,1918,1938,1934,1915,1870,1809,1839,1903,1928,1936,1921,1886,1839,1791,1863,1910,1933,1933,1913,1869,1814,1837,1898,1927,1943,1936,1903,1858,1830,1857,1915,1934,1937,1919,1883,1831,1808,1878,1911,1933,1926,1904,1859,1797,1841,1898,1933,1937,1930,1894,1841,1802,1863,1910,1934,1934,1913,1871,1809,1831,1887,1929,1936,1930,1902,1853,1807,1857,1909,1934,1938,1921,1883,1829,1822,1890,1925,1943,1938,1915,1872,1807,1842,1904,1936,1939,1927,1895,1842,1808,1878,1923,1948,1939,1922,1878,1822,1835,1901,1930,1947,1930,1904,1851,1808,1872,1915,1939,1937,1922,1887,1825,1819,1889,1926,1936,1931,1910,1858,1799,1854,1909,1936,1943,1930,1897,1839,1815,1871,1921,1948,1924,1899,1833,1812,1877,1915,1923,1911,1877,1828,1783,1841,1879,1895,1897,1871,1824,1757,1808,1855,1881,1887,1861,1830,1776,1765,1829,1856,1872,1858,1829,1780,1734,1801,1840,1858,1851,1831,1789,1729,1783,1829,1855,1856,1840,1807,1746,1757,1810,1852,1855,1846,1818,1763,1744,1803,1847,1861,1851,1832,1782,1727,1785,1834,1856,1856,1838,1802,1739,1772,1833,1854,1862,1851,1818,1771,1742,1803,1851,1858,1844,1802,1733,1807,1861,1886,1883,1859,1811,1777,1820,1882,1902,1915,1900,1870,1814,1803,1872,1907,1936,1933,1909,1863,1805,1846,1906,1934,1950,1933,1906,1855,1814,1884,1936,1956,1962,1933,1897,1835,1849,1905,1949,1957,1949,1918,1872,1827,1892,1935,1966,1967,1949,1907,1855,1841,1915,1946,1968,1968,1936,1894,1828,1872,1931,1962,1970,1951,1922,1870,1840,1904,1953,1981,